"fecha","codigo_municipio","municipio","habitantes","casos_14d","casos_14d_min","casos_14d_max","IA14","IA14_min","IA14_max","casos_7d","casos_7d_min","casos_7d_max","IA7","IA7_min","IA7_max"
"2021-05-01","15002","Ames",31793,39,NA,NA,122.66851193659,NA,NA,18,NA,NA,56.6162362784261,NA,NA
"2021-05-01","27006","Becerreá",2818,NA,1,9,NA,35.486160397445,319.375443577005,NA,1,9,NA,35.486160397445,319.375443577005
"2021-05-01","15038","Frades",2339,0,NA,NA,0,NA,NA,0,NA,NA,0,NA,NA
"2021-05-01","27052","Ribas de Sil",947,0,NA,NA,0,NA,NA,0,NA,NA,0,NA,NA
"2021-05-01","36030","Mondariz",4440,0,NA,NA,0,NA,NA,0,NA,NA,0,NA,NA
"2021-05-01","36044","Pontecesures",3052,0,NA,NA,0,NA,NA,0,NA,NA,0,NA,NA
"2021-05-01","36015","Cuntis",4677,0,NA,NA,0,NA,NA,0,NA,NA,0,NA,NA
"2021-05-01","27051","Ribadeo",9854,NA,1,9,NA,10.148163182464,91.3334686421758,NA,1,9,NA,10.148163182464,91.3334686421758
"2021-05-01","32091","Vilardevós",1846,NA,1,9,NA,54.1711809317443,487.540628385699,0,NA,NA,0,NA,NA
"2021-05-01","36009","A Cañiza",5180,0,NA,NA,0,NA,NA,0,NA,NA,0,NA,NA
"2021-05-01","15042","Lousame",3338,0,NA,NA,0,NA,NA,0,NA,NA,0,NA,NA
"2021-05-01","32026","Coles",3050,NA,1,9,NA,32.7868852459016,295.081967213115,NA,1,9,NA,32.7868852459016,295.081967213115
"2021-05-01","36902","Cerdedo-Cotobade",5699,NA,1,9,NA,17.5469380593087,157.922442533778,NA,1,9,NA,17.5469380593087,157.922442533778
"2021-05-01","36027","Meaño",5272,NA,1,9,NA,18.9681335356601,170.713201820941,NA,1,9,NA,18.9681335356601,170.713201820941
"2021-05-01","32012","Os Blancos",766,0,NA,NA,0,NA,NA,0,NA,NA,0,NA,NA
"2021-05-01","32035","O Irixo",1466,0,NA,NA,0,NA,NA,0,NA,NA,0,NA,NA
"2021-05-01","15021","Carral",6408,NA,1,9,NA,15.605493133583,140.449438202247,0,NA,NA,0,NA,NA
"2021-05-01","15082","Teo",18579,NA,1,9,NA,5.38242101297163,48.4417891167447,NA,1,9,NA,5.38242101297163,48.4417891167447
"2021-05-01","32084","Verea",943,NA,1,9,NA,106.044538706257,954.40084835631,NA,1,9,NA,106.044538706257,954.40084835631
"2021-05-01","27019","Foz",9980,NA,1,9,NA,10.0200400801603,90.1803607214429,NA,1,9,NA,10.0200400801603,90.1803607214429
"2021-05-01","32069","Ribadavia",5024,NA,1,9,NA,19.9044585987261,179.140127388535,NA,1,9,NA,19.9044585987261,179.140127388535
"2021-05-01","15049","Moeche",1226,0,NA,NA,0,NA,NA,0,NA,NA,0,NA,NA
"2021-05-01","32061","Piñor",1176,0,NA,NA,0,NA,NA,0,NA,NA,0,NA,NA
"2021-05-01","32021","Castrelo do Val",984,NA,1,9,NA,101.626016260163,914.634146341463,0,NA,NA,0,NA,NA
"2021-05-01","27007","Begonte",3026,0,NA,NA,0,NA,NA,0,NA,NA,0,NA,NA
"2021-05-01","36008","Cangas",26542,46,NA,NA,173.310225303293,NA,NA,23,NA,NA,86.6551126516464,NA,NA
"2021-05-01","15091","Vilarmaior",1226,0,NA,NA,0,NA,NA,0,NA,NA,0,NA,NA
"2021-05-01","36034","As Neves",3841,NA,1,9,NA,26.0348867482426,234.313980734184,0,NA,NA,0,NA,NA
"2021-05-01","27020","Friol",3744,NA,1,9,NA,26.7094017094017,240.384615384615,NA,1,9,NA,26.7094017094017,240.384615384615
"2021-05-01","32072","A Rúa",4314,NA,1,9,NA,23.1803430690774,208.623087621697,NA,1,9,NA,23.1803430690774,208.623087621697
"2021-05-01","32082","Trasmiras",1286,0,NA,NA,0,NA,NA,0,NA,NA,0,NA,NA
"2021-05-01","15081","As Somozas",1098,0,NA,NA,0,NA,NA,0,NA,NA,0,NA,NA
"2021-05-01","15083","Toques",1124,0,NA,NA,0,NA,NA,0,NA,NA,0,NA,NA
"2021-05-01","36055","Tui",16701,35,NA,NA,209.568289323993,NA,NA,16,NA,NA,95.8026465481109,NA,NA
"2021-05-01","27034","Navia de Suarna",1081,0,NA,NA,0,NA,NA,0,NA,NA,0,NA,NA
"2021-05-01","15068","Ponteceso",5502,0,NA,NA,0,NA,NA,0,NA,NA,0,NA,NA
"2021-05-01","32013","Boborás",2285,0,NA,NA,0,NA,NA,0,NA,NA,0,NA,NA
"2021-05-01","27041","Pantón",2542,NA,1,9,NA,39.33910306845,354.05192761605,0,NA,NA,0,NA,NA
"2021-05-01","27029","Meira",1725,NA,1,9,NA,57.9710144927536,521.739130434783,NA,1,9,NA,57.9710144927536,521.739130434783
"2021-05-01","27038","Ourol",1018,0,NA,NA,0,NA,NA,0,NA,NA,0,NA,NA
"2021-05-01","27062","Triacastela",641,0,NA,NA,0,NA,NA,0,NA,NA,0,NA,NA
"2021-05-01","32068","Ramirás",1584,0,NA,NA,0,NA,NA,0,NA,NA,0,NA,NA
"2021-05-01","15086","Trazo",3113,0,NA,NA,0,NA,NA,0,NA,NA,0,NA,NA
"2021-05-01","27060","Taboada",2756,0,NA,NA,0,NA,NA,0,NA,NA,0,NA,NA
"2021-05-01","36047","Rodeiro",2437,0,NA,NA,0,NA,NA,0,NA,NA,0,NA,NA
"2021-05-01","36024","Lalín",20218,33,NA,NA,163.220892274211,NA,NA,25,NA,NA,123.652191116827,NA,NA
"2021-05-01","15048","Miño",6200,NA,1,9,NA,16.1290322580645,145.161290322581,0,NA,NA,0,NA,NA
"2021-05-01","36032","Moraña",4179,NA,1,9,NA,23.9291696578129,215.362526920316,NA,1,9,NA,23.9291696578129,215.362526920316
"2021-05-01","15051","Mugardos",5245,NA,1,9,NA,19.0657769304099,171.591992373689,NA,1,9,NA,19.0657769304099,171.591992373689
"2021-05-01","32070","San Xoán de Río",531,0,NA,NA,0,NA,NA,0,NA,NA,0,NA,NA
"2021-05-01","32087","Vilamarín",1854,0,NA,NA,0,NA,NA,0,NA,NA,0,NA,NA
"2021-05-01","27001","Abadín",2367,0,NA,NA,0,NA,NA,0,NA,NA,0,NA,NA
"2021-05-01","36046","Ribadumia",5052,NA,1,9,NA,19.7941409342835,178.147268408551,NA,1,9,NA,19.7941409342835,178.147268408551
"2021-05-01","32059","A Peroxa",1819,0,NA,NA,0,NA,NA,0,NA,NA,0,NA,NA
"2021-05-01","32027","Cortegada",1085,0,NA,NA,0,NA,NA,0,NA,NA,0,NA,NA
"2021-05-01","32039","Laza",1228,NA,1,9,NA,81.4332247557003,732.899022801303,NA,1,9,NA,81.4332247557003,732.899022801303
"2021-05-01","32048","A Mezquita",1023,NA,1,9,NA,97.7517106549365,879.765395894428,NA,1,9,NA,97.7517106549365,879.765395894428
"2021-05-01","36021","Gondomar",14286,34,NA,NA,237.995240095198,NA,NA,17,NA,NA,118.997620047599,NA,NA
"2021-05-01","15043","Malpica de Bergantiños",5391,NA,1,9,NA,18.5494342422556,166.944908180301,NA,1,9,NA,18.5494342422556,166.944908180301
"2021-05-01","36038","Pontevedra",83029,74,NA,NA,89.1254862758795,NA,NA,38,NA,NA,45.7671416011273,NA,NA
"2021-05-01","36056","Valga",5869,0,NA,NA,0,NA,NA,0,NA,NA,0,NA,NA
"2021-05-01","32019","O Carballiño",14027,NA,1,9,NA,7.12910814857061,64.1619733371355,0,NA,NA,0,NA,NA
"2021-05-01","15062","Outes",6282,NA,1,9,NA,15.9184972938555,143.266475644699,NA,1,9,NA,15.9184972938555,143.266475644699
"2021-05-01","36048","O Rosal",6234,NA,1,9,NA,16.0410651267244,144.36958614052,NA,1,9,NA,16.0410651267244,144.36958614052
"2021-05-01","36036","Oia",3053,0,NA,NA,0,NA,NA,0,NA,NA,0,NA,NA
"2021-05-01","15025","Cerdido",1113,NA,1,9,NA,89.8472596585804,808.625336927224,NA,1,9,NA,89.8472596585804,808.625336927224
"2021-05-01","27057","Sarria",13330,NA,1,9,NA,7.50187546886722,67.5168792198049,NA,1,9,NA,7.50187546886722,67.5168792198049
"2021-05-01","36052","Silleda",8687,14,NA,NA,161.16035455278,NA,NA,NA,1,9,NA,11.5114538966271,103.603085069644
"2021-05-01","27043","O Páramo",1366,NA,1,9,NA,73.2064421669107,658.857979502196,NA,1,9,NA,73.2064421669107,658.857979502196
"2021-05-01","15061","Ortigueira",5671,NA,1,9,NA,17.6335743255158,158.702168929642,NA,1,9,NA,17.6335743255158,158.702168929642
"2021-05-01","15080","Sobrado",1758,0,NA,NA,0,NA,NA,0,NA,NA,0,NA,NA
"2021-05-01","32085","Verín",13723,22,NA,NA,160.314799970852,NA,NA,10,NA,NA,72.8703636231145,NA,NA
"2021-05-01","27015","Cospeito",4484,NA,1,9,NA,22.3015165031222,200.7136485281,NA,1,9,NA,22.3015165031222,200.7136485281
"2021-05-01","15013","Brión",7837,NA,1,9,NA,12.7599846880184,114.839862192165,0,NA,NA,0,NA,NA
"2021-05-01","36013","Covelo",2396,0,NA,NA,0,NA,NA,0,NA,NA,0,NA,NA
"2021-05-01","32075","San Cibrao das Viñas",5405,0,NA,NA,0,NA,NA,0,NA,NA,0,NA,NA
"2021-05-01","15016","Camariñas",5272,0,NA,NA,0,NA,NA,0,NA,NA,0,NA,NA
"2021-05-01","15084","Tordoia",3299,0,NA,NA,0,NA,NA,0,NA,NA,0,NA,NA
"2021-05-01","15017","Cambre",24648,37,NA,NA,150.113599480688,NA,NA,14,NA,NA,56.7997403440441,NA,NA
"2021-05-01","32025","Cenlle",1120,0,NA,NA,0,NA,NA,0,NA,NA,0,NA,NA
"2021-05-01","32007","Baños de Molgas",1519,0,NA,NA,0,NA,NA,0,NA,NA,0,NA,NA
"2021-05-01","36007","Campo Lameiro",1817,0,NA,NA,0,NA,NA,0,NA,NA,0,NA,NA
"2021-05-01","32009","O Barco de Valdeorras",13395,15,NA,NA,111.982082866741,NA,NA,NA,1,9,NA,7.46547219111609,67.1892497200448
"2021-05-01","36019","Fornelos de Montes",1616,NA,1,9,NA,61.8811881188119,556.930693069307,NA,1,9,NA,61.8811881188119,556.930693069307
"2021-05-01","36020","Agolada",2344,0,NA,NA,0,NA,NA,0,NA,NA,0,NA,NA
"2021-05-01","36033","Mos",15078,12,NA,NA,79.5861520095503,NA,NA,NA,1,9,NA,6.63217933412919,59.6896140071628
"2021-05-01","32005","Baltar",962,0,NA,NA,0,NA,NA,0,NA,NA,0,NA,NA
"2021-05-01","27054","Riotorto",1262,0,NA,NA,0,NA,NA,0,NA,NA,0,NA,NA
"2021-05-01","32053","Oímbra",1712,NA,1,9,NA,58.411214953271,525.700934579439,0,NA,NA,0,NA,NA
"2021-05-01","15039","Irixoa",1334,0,NA,NA,0,NA,NA,0,NA,NA,0,NA,NA
"2021-05-01","15028","Corcubión",1589,0,NA,NA,0,NA,NA,0,NA,NA,0,NA,NA
"2021-05-01","27902","Burela",9588,NA,1,9,NA,10.4297037964122,93.8673341677096,NA,1,9,NA,10.4297037964122,93.8673341677096
"2021-05-01","36040","Portas",2940,0,NA,NA,0,NA,NA,0,NA,NA,0,NA,NA
"2021-05-01","15011","Boiro",18838,NA,1,9,NA,5.3084191527763,47.7757723749867,0,NA,NA,0,NA,NA
"2021-05-01","27053","Ribeira de Piquín",528,NA,1,9,NA,189.393939393939,1704.54545454545,0,NA,NA,0,NA,NA
"2021-05-01","15009","Betanzos",12959,12,NA,NA,92.5997376340767,NA,NA,NA,1,9,NA,7.71664480283973,69.4498032255575
"2021-05-01","27009","Carballedo",2193,NA,1,9,NA,45.5996352029184,410.396716826265,NA,1,9,NA,45.5996352029184,410.396716826265
"2021-05-01","27035","Negueira de Muñiz",215,0,NA,NA,0,NA,NA,0,NA,NA,0,NA,NA
"2021-05-01","15008","Bergondo",6633,NA,1,9,NA,15.0761344791196,135.685210312076,NA,1,9,NA,15.0761344791196,135.685210312076
"2021-05-01","32018","Carballeda de Avia",1286,0,NA,NA,0,NA,NA,0,NA,NA,0,NA,NA
"2021-05-01","27016","Chantada",8192,21,NA,NA,256.34765625,NA,NA,11,NA,NA,134.27734375,NA,NA
"2021-05-01","32010","Beade",397,0,NA,NA,0,NA,NA,0,NA,NA,0,NA,NA
"2021-05-01","36037","Pazos de Borbén",2999,NA,1,9,NA,33.3444481493831,300.100033344448,NA,1,9,NA,33.3444481493831,300.100033344448
"2021-05-01","15019","Carballo",31349,43,NA,NA,137.16545982328,NA,NA,18,NA,NA,57.4180994609078,NA,NA
"2021-05-01","27046","Pol",1609,NA,1,9,NA,62.1504039776258,559.353635798633,NA,1,9,NA,62.1504039776258,559.353635798633
"2021-05-01","15059","Ordes",12674,20,NA,NA,157.803376992268,NA,NA,14,NA,NA,110.462363894587,NA,NA
"2021-05-01","36002","Barro",3680,NA,1,9,NA,27.1739130434783,244.565217391304,NA,1,9,NA,27.1739130434783,244.565217391304
"2021-05-01","15087","Valdoviño",6563,NA,1,9,NA,15.236934328813,137.132408959317,0,NA,NA,0,NA,NA
"2021-05-01","36029","Moaña",19399,21,NA,NA,108.2530027321,NA,NA,14,NA,NA,72.1686684880664,NA,NA
"2021-05-01","32032","Xinzo de Limia",9715,13,NA,NA,133.81369016984,NA,NA,NA,1,9,NA,10.2933607822954,92.6402470406588
"2021-05-01","15065","Padrón",8384,25,NA,NA,298.187022900763,NA,NA,23,NA,NA,274.332061068702,NA,NA
"2021-05-01","15074","Rois",4512,0,NA,NA,0,NA,NA,0,NA,NA,0,NA,NA
"2021-05-01","27013","Cervo",4227,NA,1,9,NA,23.6574402649633,212.91696238467,NA,1,9,NA,23.6574402649633,212.91696238467
"2021-05-01","15067","A Pobra do Caramiñal",9338,NA,1,9,NA,10.7089312486614,96.3803812379524,NA,1,9,NA,10.7089312486614,96.3803812379524
"2021-05-01","32073","Rubiá",1393,NA,1,9,NA,71.7875089734386,646.087580760948,NA,1,9,NA,71.7875089734386,646.087580760948
"2021-05-01","32056","Padrenda",1748,0,NA,NA,0,NA,NA,0,NA,NA,0,NA,NA
"2021-05-01","27031","Monforte de Lemos",18433,NA,1,9,NA,5.42505289426572,48.8254760483915,NA,1,9,NA,5.42505289426572,48.8254760483915
"2021-05-01","15072","Rianxo",11033,NA,1,9,NA,9.0637179370978,81.5734614338802,NA,1,9,NA,9.0637179370978,81.5734614338802
"2021-05-01","15004","Ares",5732,NA,1,9,NA,17.4459176552687,157.013258897418,NA,1,9,NA,17.4459176552687,157.013258897418
"2021-05-01","15041","A Laracha",11347,25,NA,NA,220.322552216445,NA,NA,17,NA,NA,149.819335507183,NA,NA
"2021-05-01","15077","Santa Comba",9426,NA,1,9,NA,10.6089539571398,95.4805856142584,NA,1,9,NA,10.6089539571398,95.4805856142584
"2021-05-01","27027","Lourenzá",2140,NA,1,9,NA,46.7289719626168,420.560747663551,NA,1,9,NA,46.7289719626168,420.560747663551
"2021-05-01","32076","San Cristovo de Cea",2137,0,NA,NA,0,NA,NA,0,NA,NA,0,NA,NA
"2021-05-01","32045","Maside",2705,0,NA,NA,0,NA,NA,0,NA,NA,0,NA,NA
"2021-05-01","32088","Vilamartín de Valdeorras",1790,NA,1,9,NA,55.8659217877095,502.793296089385,0,NA,NA,0,NA,NA
"2021-05-01","32020","Cartelle",2642,NA,1,9,NA,37.8501135503407,340.651021953066,NA,1,9,NA,37.8501135503407,340.651021953066
"2021-05-01","32051","Muíños",1502,NA,1,9,NA,66.577896138482,599.201065246338,0,NA,NA,0,NA,NA
"2021-05-01","36018","Forcarei",3388,0,NA,NA,0,NA,NA,0,NA,NA,0,NA,NA
"2021-05-01","15089","Vedra",5036,0,NA,NA,0,NA,NA,0,NA,NA,0,NA,NA
"2021-05-01","36005","Caldas de Reis",9785,NA,1,9,NA,10.2197240674502,91.9775166070516,NA,1,9,NA,10.2197240674502,91.9775166070516
"2021-05-01","36043","Ponte Caldelas",5494,NA,1,9,NA,18.201674554059,163.815070986531,NA,1,9,NA,18.201674554059,163.815070986531
"2021-05-01","32057","Parada de Sil",538,0,NA,NA,0,NA,NA,0,NA,NA,0,NA,NA
"2021-05-01","32089","Vilar de Barrio",1307,0,NA,NA,0,NA,NA,0,NA,NA,0,NA,NA
"2021-05-01","36035","Nigrán",17675,26,NA,NA,147.100424328147,NA,NA,NA,1,9,NA,5.65770862800566,50.9193776520509
"2021-05-01","32074","San Amaro",1089,0,NA,NA,0,NA,NA,0,NA,NA,0,NA,NA
"2021-05-01","15040","Laxe",3016,NA,1,9,NA,33.1564986737401,298.40848806366,0,NA,NA,0,NA,NA
"2021-05-01","15001","Abegondo",5406,NA,1,9,NA,18.4979652238254,166.481687014428,NA,1,9,NA,18.4979652238254,166.481687014428
"2021-05-01","27024","O Incio",1570,0,NA,NA,0,NA,NA,0,NA,NA,0,NA,NA
"2021-05-01","27066","Viveiro",15466,NA,1,9,NA,6.46579593948015,58.1921634553213,NA,1,9,NA,6.46579593948015,58.1921634553213
"2021-05-01","32033","Gomesende",732,0,NA,NA,0,NA,NA,0,NA,NA,0,NA,NA
"2021-05-01","32047","A Merca",1913,NA,1,9,NA,52.2739153162572,470.465237846315,NA,1,9,NA,52.2739153162572,470.465237846315
"2021-05-01","36016","Dozón",1082,0,NA,NA,0,NA,NA,0,NA,NA,0,NA,NA
"2021-05-01","15012","Boqueixón",4220,0,NA,NA,0,NA,NA,0,NA,NA,0,NA,NA
"2021-05-01","36004","Bueu",12009,10,NA,NA,83.2708801732034,NA,NA,NA,1,9,NA,8.32708801732034,74.9437921558831
"2021-05-01","32004","Avión",1795,NA,1,9,NA,55.7103064066852,501.392757660167,NA,1,9,NA,55.7103064066852,501.392757660167
"2021-05-01","32015","O Bolo",884,0,NA,NA,0,NA,NA,0,NA,NA,0,NA,NA
"2021-05-01","36039","O Porriño",19848,23,NA,NA,115.880693268843,NA,NA,21,NA,NA,105.804111245466,NA,NA
"2021-05-01","27010","Castro de Rei",5052,NA,1,9,NA,19.7941409342835,178.147268408551,NA,1,9,NA,19.7941409342835,178.147268408551
"2021-05-01","32043","Maceda",2872,0,NA,NA,0,NA,NA,0,NA,NA,0,NA,NA
"2021-05-01","15076","San Sadurniño",2822,NA,1,9,NA,35.4358610914245,318.922749822821,NA,1,9,NA,35.4358610914245,318.922749822821
"2021-05-01","32081","Toén",2355,NA,1,9,NA,42.4628450106157,382.165605095541,NA,1,9,NA,42.4628450106157,382.165605095541
"2021-05-01","15018","A Capela",1232,0,NA,NA,0,NA,NA,0,NA,NA,0,NA,NA
"2021-05-01","36057","Vigo",295364,502,NA,NA,169.95977844287,NA,NA,218,NA,NA,73.8072344632386,NA,NA
"2021-05-01","36006","Cambados",13744,34,NA,NA,247.380675203725,NA,NA,28,NA,NA,203.72526193248,NA,NA
"2021-05-01","15036","Ferrol",66065,29,NA,NA,43.8961628699009,NA,NA,NA,1,9,NA,1.51366078861727,13.6229470975554
"2021-05-01","27042","Paradela",1779,NA,1,9,NA,56.2113546936481,505.902192242833,NA,1,9,NA,56.2113546936481,505.902192242833
"2021-05-01","27037","As Nogais",1079,0,NA,NA,0,NA,NA,0,NA,NA,0,NA,NA
"2021-05-01","15053","Muros",8556,NA,1,9,NA,11.6877045348294,105.189340813464,NA,1,9,NA,11.6877045348294,105.189340813464
"2021-05-01","36028","Meis",4791,NA,1,9,NA,20.8724692131079,187.852222917971,0,NA,NA,0,NA,NA
"2021-05-01","32008","Barbadás",11037,NA,1,9,NA,9.06043308870164,81.5438977983148,0,NA,NA,0,NA,NA
"2021-05-01","15901","Cariño",3838,NA,1,9,NA,26.0552371026576,234.497133923919,NA,1,9,NA,26.0552371026576,234.497133923919
"2021-05-01","27039","Outeiro de Rei",5151,NA,1,9,NA,19.41370607649,174.72335468841,NA,1,9,NA,19.41370607649,174.72335468841
"2021-05-01","15006","Arzúa",6041,NA,1,9,NA,16.553550736633,148.981956629697,NA,1,9,NA,16.553550736633,148.981956629697
"2021-05-01","32006","Bande",1528,NA,1,9,NA,65.4450261780105,589.005235602094,0,NA,NA,0,NA,NA
"2021-05-01","32080","A Teixeira",316,0,NA,NA,0,NA,NA,0,NA,NA,0,NA,NA
"2021-05-01","27021","Xermade",1806,0,NA,NA,0,NA,NA,0,NA,NA,0,NA,NA
"2021-05-01","15032","Curtis",3983,NA,1,9,NA,25.1067034898318,225.960331408486,NA,1,9,NA,25.1067034898318,225.960331408486
"2021-05-01","15069","Pontedeume",7777,NA,1,9,NA,12.8584287000129,115.725858300116,NA,1,9,NA,12.8584287000129,115.725858300116
"2021-05-01","36003","Baiona",12122,NA,1,9,NA,8.24946378485398,74.2451740636859,NA,1,9,NA,8.24946378485398,74.2451740636859
"2021-05-01","27011","Castroverde",2617,0,NA,NA,0,NA,NA,0,NA,NA,0,NA,NA
"2021-05-01","36010","Catoira",3335,NA,1,9,NA,29.9850074962519,269.865067466267,NA,1,9,NA,29.9850074962519,269.865067466267
"2021-05-01","27025","Xove",3273,0,NA,NA,0,NA,NA,0,NA,NA,0,NA,NA
"2021-05-01","32055","Paderne de Allariz",1384,0,NA,NA,0,NA,NA,0,NA,NA,0,NA,NA
"2021-05-01","32023","Castro Caldelas",1224,0,NA,NA,0,NA,NA,0,NA,NA,0,NA,NA
"2021-05-01","15034","Dumbría",2983,NA,1,9,NA,33.5232986925914,301.709688233322,NA,1,9,NA,33.5232986925914,301.709688233322
"2021-05-01","15085","Touro",3574,0,NA,NA,0,NA,NA,0,NA,NA,0,NA,NA
"2021-05-01","36001","Arbo",2580,NA,1,9,NA,38.7596899224806,348.837209302326,0,NA,NA,0,NA,NA
"2021-05-01","27028","Lugo",98276,95,NA,NA,96.6665309943425,NA,NA,57,NA,NA,57.9999185966055,NA,NA
"2021-05-01","36901","A Illa de Arousa",4926,NA,1,9,NA,20.3004466098254,182.704019488429,NA,1,9,NA,20.3004466098254,182.704019488429
"2021-05-01","32031","Esgos",1116,0,NA,NA,0,NA,NA,0,NA,NA,0,NA,NA
"2021-05-01","27049","Portomarín",1471,0,NA,NA,0,NA,NA,0,NA,NA,0,NA,NA
"2021-05-01","15005","Arteixo",32262,24,NA,NA,74.3909243072345,NA,NA,NA,1,9,NA,3.09962184613477,27.8965966152129
"2021-05-01","27018","A Fonsagrada",3465,0,NA,NA,0,NA,NA,0,NA,NA,0,NA,NA
"2021-05-01","27017","Folgoso do Courel",1024,0,NA,NA,0,NA,NA,0,NA,NA,0,NA,NA
"2021-05-01","32016","Calvos de Randín",770,NA,1,9,NA,129.87012987013,1168.83116883117,0,NA,NA,0,NA,NA
"2021-05-01","15052","Muxía",4657,0,NA,NA,0,NA,NA,0,NA,NA,0,NA,NA
"2021-05-01","36060","Vilagarcía de Arousa",37456,61,NA,NA,162.857753096967,NA,NA,37,NA,NA,98.7825715506194,NA,NA
"2021-05-01","27023","Guntín",2690,0,NA,NA,0,NA,NA,0,NA,NA,0,NA,NA
"2021-05-01","32001","Allariz",6188,NA,1,9,NA,16.1603102779573,145.442792501616,NA,1,9,NA,16.1603102779573,145.442792501616
"2021-05-01","32066","Quintela de Leirado",619,0,NA,NA,0,NA,NA,0,NA,NA,0,NA,NA
"2021-05-01","15056","Negreira",6827,NA,1,9,NA,14.6477222791856,131.82950051267,0,NA,NA,0,NA,NA
"2021-05-01","36050","Salvaterra de Miño",9819,NA,1,9,NA,10.1843364904776,91.6590284142988,NA,1,9,NA,10.1843364904776,91.6590284142988
"2021-05-01","36041","Poio",17082,20,NA,NA,117.082308863131,NA,NA,NA,1,9,NA,5.85411544315654,52.6870389884089
"2021-05-01","32014","A Bola",1156,0,NA,NA,0,NA,NA,0,NA,NA,0,NA,NA
"2021-05-01","32046","Melón",1184,0,NA,NA,0,NA,NA,0,NA,NA,0,NA,NA
"2021-05-01","27005","Barreiros",2934,NA,1,9,NA,34.0831629175187,306.748466257669,0,NA,NA,0,NA,NA
"2021-05-01","32063","A Pobra de Trives",2067,0,NA,NA,0,NA,NA,0,NA,NA,0,NA,NA
"2021-05-01","36053","Soutomaior",7395,NA,1,9,NA,13.5226504394861,121.703853955375,NA,1,9,NA,13.5226504394861,121.703853955375
"2021-05-01","15066","O Pino",4641,0,NA,NA,0,NA,NA,0,NA,NA,0,NA,NA
"2021-05-01","27040","Palas de Rei",3388,NA,1,9,NA,29.5159386068477,265.643447461629,0,NA,NA,0,NA,NA
"2021-05-01","32079","Taboadela",1429,0,NA,NA,0,NA,NA,0,NA,NA,0,NA,NA
"2021-05-01","32003","A Arnoia",1000,NA,1,9,NA,100,900,0,NA,NA,0,NA,NA
"2021-05-01","15030","A Coruña",245711,297,NA,NA,120.873709357741,NA,NA,147,NA,NA,59.8263813992862,NA,NA
"2021-05-01","27055","Samos",1278,0,NA,NA,0,NA,NA,0,NA,NA,0,NA,NA
"2021-05-01","15064","Paderne",2394,NA,1,9,NA,41.7710944026733,375.93984962406,0,NA,NA,0,NA,NA
"2021-05-01","32036","Xunqueira de Ambía",1375,0,NA,NA,0,NA,NA,0,NA,NA,0,NA,NA
"2021-05-01","32067","Rairiz de Veiga",1266,0,NA,NA,0,NA,NA,0,NA,NA,0,NA,NA
"2021-05-01","15088","Val do Dubra",3876,NA,1,9,NA,25.7997936016512,232.198142414861,NA,1,9,NA,25.7997936016512,232.198142414861
"2021-05-01","27014","O Corgo",3481,0,NA,NA,0,NA,NA,0,NA,NA,0,NA,NA
"2021-05-01","15027","Coirós",1824,NA,1,9,NA,54.8245614035088,493.421052631579,NA,1,9,NA,54.8245614035088,493.421052631579
"2021-05-01","27056","Rábade",1501,0,NA,NA,0,NA,NA,0,NA,NA,0,NA,NA
"2021-05-01","15075","Sada",15841,12,NA,NA,75.7527933842561,NA,NA,NA,1,9,NA,6.31273278202134,56.814595038192
"2021-05-01","15010","Boimorto",1985,0,NA,NA,0,NA,NA,0,NA,NA,0,NA,NA
"2021-05-01","36031","Mondariz-Balneario",644,0,NA,NA,0,NA,NA,0,NA,NA,0,NA,NA
"2021-05-01","15023","Cee",7546,NA,1,9,NA,13.2520540683806,119.268486615425,NA,1,9,NA,13.2520540683806,119.268486615425
"2021-05-01","32024","Celanova",5649,NA,1,9,NA,17.7022481855196,159.320233669676,NA,1,9,NA,17.7022481855196,159.320233669676
"2021-05-01","32041","Lobeira",798,NA,1,9,NA,125.31328320802,1127.81954887218,0,NA,NA,0,NA,NA
"2021-05-01","15007","A Baña",3450,0,NA,NA,0,NA,NA,0,NA,NA,0,NA,NA
"2021-05-01","36061","Vilanova de Arousa",10302,41,NA,NA,397.980974568045,NA,NA,17,NA,NA,165.016501650165,NA,NA
"2021-05-01","27032","Monterroso",3616,0,NA,NA,0,NA,NA,0,NA,NA,0,NA,NA
"2021-05-01","27047","A Pobra do Brollón",1648,0,NA,NA,0,NA,NA,0,NA,NA,0,NA,NA
"2021-05-01","15058","Oleiros",36075,37,NA,NA,102.564102564103,NA,NA,19,NA,NA,52.6680526680527,NA,NA
"2021-05-01","15020","Carnota",3957,NA,1,9,NA,25.2716704574172,227.445034116755,0,NA,NA,0,NA,NA
"2021-05-01","27044","A Pastoriza",3002,10,NA,NA,333.11125916056,NA,NA,NA,1,9,NA,33.311125916056,299.800133244504
"2021-05-01","32050","Monterrei",2529,0,NA,NA,0,NA,NA,0,NA,NA,0,NA,NA
"2021-05-01","36059","Vila de Cruces",5246,0,NA,NA,0,NA,NA,0,NA,NA,0,NA,NA
"2021-05-01","32062","Porqueira",815,0,NA,NA,0,NA,NA,0,NA,NA,0,NA,NA
"2021-05-01","15044","Mañón",1356,NA,1,9,NA,73.7463126843658,663.716814159292,NA,1,9,NA,73.7463126843658,663.716814159292
"2021-05-01","15060","Oroso",7500,NA,1,9,NA,13.3333333333333,120,NA,1,9,NA,13.3333333333333,120
"2021-05-01","32064","Pontedeva",511,0,NA,NA,0,NA,NA,0,NA,NA,0,NA,NA
"2021-05-01","27008","Bóveda",1481,0,NA,NA,0,NA,NA,0,NA,NA,0,NA,NA
"2021-05-01","32049","Montederramo",711,0,NA,NA,0,NA,NA,0,NA,NA,0,NA,NA
"2021-05-01","15035","Fene",12944,NA,1,9,NA,7.72558714462299,69.5302843016069,NA,1,9,NA,7.72558714462299,69.5302843016069
"2021-05-01","15014","Cabana de Bergantiños",4248,0,NA,NA,0,NA,NA,0,NA,NA,0,NA,NA
"2021-05-01","32034","A Gudiña",1254,NA,1,9,NA,79.7448165869219,717.703349282297,0,NA,NA,0,NA,NA
"2021-05-01","15015","Cabanas",3281,0,NA,NA,0,NA,NA,0,NA,NA,0,NA,NA
"2021-05-01","15092","Vimianzo",7057,NA,1,9,NA,14.1703273345614,127.532946011053,NA,1,9,NA,14.1703273345614,127.532946011053
"2021-05-01","15078","Santiago de Compostela",97260,39,NA,NA,40.098704503393,NA,NA,26,NA,NA,26.7324696689286,NA,NA
"2021-05-01","36023","A Guarda",9977,NA,1,9,NA,10.0230530219505,90.2074771975544,NA,1,9,NA,10.0230530219505,90.2074771975544
"2021-05-01","15029","Coristanco",6074,17,NA,NA,279.881461969048,NA,NA,13,NA,NA,214.027000329272,NA,NA
"2021-05-01","32065","Punxín",693,0,NA,NA,0,NA,NA,0,NA,NA,0,NA,NA
"2021-05-01","36017","A Estrada",20479,NA,1,9,NA,4.8830509302212,43.9474583719908,NA,1,9,NA,4.8830509302212,43.9474583719908
"2021-05-01","36054","Tomiño",13499,10,NA,NA,74.0795614489962,NA,NA,NA,1,9,NA,7.40795614489962,66.6716053040966
"2021-05-01","15055","Neda",5079,NA,1,9,NA,19.6889151407757,177.200236266982,NA,1,9,NA,19.6889151407757,177.200236266982
"2021-05-01","27065","Vilalba",14072,NA,1,9,NA,7.10631040363843,63.9567936327459,NA,1,9,NA,7.10631040363843,63.9567936327459
"2021-05-01","27033","Muras",642,0,NA,NA,0,NA,NA,0,NA,NA,0,NA,NA
"2021-05-01","27030","Mondoñedo",3568,NA,1,9,NA,28.0269058295964,252.242152466368,NA,1,9,NA,28.0269058295964,252.242152466368
"2021-05-01","27059","Sober",2312,0,NA,NA,0,NA,NA,0,NA,NA,0,NA,NA
"2021-05-01","32083","A Veiga",889,0,NA,NA,0,NA,NA,0,NA,NA,0,NA,NA
"2021-05-01","15070","As Pontes de García Rodríguez",10138,NA,1,9,NA,9.86387847701716,88.7749062931545,0,NA,NA,0,NA,NA
"2021-05-01","15090","Vilasantar",1213,0,NA,NA,0,NA,NA,0,NA,NA,0,NA,NA
"2021-05-01","15073","Ribeira",26886,37,NA,NA,137.618091199881,NA,NA,12,NA,NA,44.6328944432046,NA,NA
"2021-05-01","27022","Guitiriz",5484,0,NA,NA,0,NA,NA,0,NA,NA,0,NA,NA
"2021-05-01","32017","Carballeda de Valdeorras",1545,NA,1,9,NA,64.7249190938511,582.52427184466,NA,1,9,NA,64.7249190938511,582.52427184466
"2021-05-01","36045","Redondela",29218,20,NA,NA,68.4509548908207,NA,NA,NA,1,9,NA,3.42254774454104,30.8029297008693
"2021-05-01","27050","Quiroga",3207,NA,1,9,NA,31.1817898347365,280.636108512629,0,NA,NA,0,NA,NA
"2021-05-01","27048","A Pontenova",2264,0,NA,NA,0,NA,NA,0,NA,NA,0,NA,NA
"2021-05-01","32058","O Pereiro de Aguiar",6275,NA,1,9,NA,15.9362549800797,143.426294820717,NA,1,9,NA,15.9362549800797,143.426294820717
"2021-05-01","15054","Narón",39080,12,NA,NA,30.7062436028659,NA,NA,NA,1,9,NA,2.55885363357216,23.0296827021494
"2021-05-01","32002","Amoeiro",2280,NA,1,9,NA,43.859649122807,394.736842105263,0,NA,NA,0,NA,NA
"2021-05-01","36025","A Lama",2445,0,NA,NA,0,NA,NA,0,NA,NA,0,NA,NA
"2021-05-01","27004","Baleira",1241,0,NA,NA,0,NA,NA,0,NA,NA,0,NA,NA
"2021-05-01","15079","Santiso",1584,0,NA,NA,0,NA,NA,0,NA,NA,0,NA,NA
"2021-05-01","36049","Salceda de Caselas",9164,18,NA,NA,196.420776953296,NA,NA,NA,1,9,NA,10.9122653862942,98.2103884766478
"2021-05-01","27061","Trabada",1118,NA,1,9,NA,89.4454382826476,805.008944543828,NA,1,9,NA,89.4454382826476,805.008944543828
"2021-05-01","27064","O Vicedo",1675,0,NA,NA,0,NA,NA,0,NA,NA,0,NA,NA
"2021-05-01","32060","Petín",861,NA,1,9,NA,116.144018583043,1045.29616724739,NA,1,9,NA,116.144018583043,1045.29616724739
"2021-05-01","27012","Cervantes",1338,NA,1,9,NA,74.7384155455904,672.645739910314,0,NA,NA,0,NA,NA
"2021-05-01","36042","Ponteareas",22877,42,NA,NA,183.590505748131,NA,NA,NA,1,9,NA,4.37120251781265,39.3408226603139
"2021-05-01","15031","Culleredo",30402,25,NA,NA,82.2314321426222,NA,NA,NA,1,9,NA,3.28925728570489,29.603315571344
"2021-05-01","32029","Chandrexa de Queixa",456,0,NA,NA,0,NA,NA,0,NA,NA,0,NA,NA
"2021-05-01","15071","Porto do Son",9171,NA,1,9,NA,10.9039363210119,98.135426889107,NA,1,9,NA,10.9039363210119,98.135426889107
"2021-05-01","32077","Sandiás",1206,NA,1,9,NA,82.9187396351576,746.268656716418,NA,1,9,NA,82.9187396351576,746.268656716418
"2021-05-01","32038","Larouco",429,0,NA,NA,0,NA,NA,0,NA,NA,0,NA,NA
"2021-05-01","32092","Vilariño de Conso",519,0,NA,NA,0,NA,NA,0,NA,NA,0,NA,NA
"2021-05-01","15047","Mesía",2530,10,NA,NA,395.256916996047,NA,NA,NA,1,9,NA,39.5256916996047,355.731225296443
"2021-05-01","27058","O Saviñao",3735,0,NA,NA,0,NA,NA,0,NA,NA,0,NA,NA
"2021-05-01","32044","Manzaneda",870,0,NA,NA,0,NA,NA,0,NA,NA,0,NA,NA
"2021-05-01","36026","Marín",24319,89,NA,NA,365.968995435668,NA,NA,38,NA,NA,156.256425017476,NA,NA
"2021-05-01","32040","Leiro",1568,0,NA,NA,0,NA,NA,0,NA,NA,0,NA,NA
"2021-05-01","15003","Aranga",1849,0,NA,NA,0,NA,NA,0,NA,NA,0,NA,NA
"2021-05-01","36058","Vilaboa",5874,NA,1,9,NA,17.0241743275451,153.217568947906,NA,1,9,NA,17.0241743275451,153.217568947906
"2021-05-01","32054","Ourense",105233,89,NA,NA,84.5742305170431,NA,NA,54,NA,NA,51.3147016620262,NA,NA
"2021-05-01","32030","Entrimo",1140,0,NA,NA,0,NA,NA,0,NA,NA,0,NA,NA
"2021-05-01","27901","Baralla",2556,0,NA,NA,0,NA,NA,0,NA,NA,0,NA,NA
"2021-05-01","36022","O Grove",10650,15,NA,NA,140.845070422535,NA,NA,NA,1,9,NA,9.38967136150235,84.5070422535211
"2021-05-01","15057","Noia",14263,14,NA,NA,98.1560681483559,NA,NA,10,NA,NA,70.1114772488256,NA,NA
"2021-05-01","15093","Zas",4472,0,NA,NA,0,NA,NA,0,NA,NA,0,NA,NA
"2021-05-01","32011","Beariz",971,0,NA,NA,0,NA,NA,0,NA,NA,0,NA,NA
"2021-05-01","15033","Dodro",2768,NA,1,9,NA,36.1271676300578,325.14450867052,NA,1,9,NA,36.1271676300578,325.14450867052
"2021-05-01","32022","Castrelo de Miño",1349,0,NA,NA,0,NA,NA,0,NA,NA,0,NA,NA
"2021-05-01","15024","Cerceda",5001,NA,1,9,NA,19.99600079984,179.96400719856,NA,1,9,NA,19.99600079984,179.96400719856
"2021-05-01","32028","Cualedro",1679,16,NA,NA,952.948183442525,NA,NA,NA,1,9,NA,59.5592614651578,536.03335318642
"2021-05-01","15050","Monfero",1932,0,NA,NA,0,NA,NA,0,NA,NA,0,NA,NA
"2021-05-01","32037","Xunqueira de Espadanedo",745,0,NA,NA,0,NA,NA,0,NA,NA,0,NA,NA
"2021-05-01","27003","Antas de Ulla",1976,0,NA,NA,0,NA,NA,0,NA,NA,0,NA,NA
"2021-05-01","32052","Nogueira de Ramuín",1998,NA,1,9,NA,50.05005005005,450.45045045045,NA,1,9,NA,50.05005005005,450.45045045045
"2021-05-01","32078","Sarreaus",1162,0,NA,NA,0,NA,NA,0,NA,NA,0,NA,NA
"2021-05-01","36051","Sanxenxo",17347,14,NA,NA,80.7055975096558,NA,NA,NA,1,9,NA,5.76468553640399,51.8821698276359
"2021-05-01","27045","Pedrafita do Cebreiro",1001,0,NA,NA,0,NA,NA,0,NA,NA,0,NA,NA
"2021-05-01","27063","O Valadouro",1991,0,NA,NA,0,NA,NA,0,NA,NA,0,NA,NA
"2021-05-01","36014","Crecente",2012,0,NA,NA,0,NA,NA,0,NA,NA,0,NA,NA
"2021-05-01","27026","Láncara",2605,NA,1,9,NA,38.3877159309021,345.489443378119,NA,1,9,NA,38.3877159309021,345.489443378119
"2021-05-01","32086","Viana do Bolo",2886,0,NA,NA,0,NA,NA,0,NA,NA,0,NA,NA
"2021-05-01","32042","Lobios",1708,NA,1,9,NA,58.5480093676815,526.932084309133,NA,1,9,NA,58.5480093676815,526.932084309133
"2021-05-01","32071","Riós",1516,NA,1,9,NA,65.9630606860158,593.667546174142,0,NA,NA,0,NA,NA
"2021-05-01","32090","Vilar de Santos",820,0,NA,NA,0,NA,NA,0,NA,NA,0,NA,NA
"2021-05-01","15045","Mazaricos",3885,0,NA,NA,0,NA,NA,0,NA,NA,0,NA,NA
"2021-05-01","15902","Oza-Cesuras",5101,NA,1,9,NA,19.60399921584,176.43599294256,NA,1,9,NA,19.60399921584,176.43599294256
"2021-05-01","15022","Cedeira",6640,NA,1,9,NA,15.0602409638554,135.542168674699,NA,1,9,NA,15.0602409638554,135.542168674699
"2021-05-01","15046","Melide",7406,10,NA,NA,135.025654874426,NA,NA,10,NA,NA,135.025654874426,NA,NA
"2021-05-01","27002","Alfoz",1688,NA,1,9,NA,59.2417061611374,533.175355450237,NA,1,9,NA,59.2417061611374,533.175355450237
"2021-05-01","15037","Fisterra",4708,0,NA,NA,0,NA,NA,0,NA,NA,0,NA,NA
